   1.21462  -0.11863   1.21326  -0.11836   1.21123  -0.11774
   1.20840  -0.11687   1.20480  -0.11576   1.20051  -0.11445
   1.19560  -0.11294   1.19015  -0.11127   1.18423  -0.10945
   1.17791  -0.10751   1.17126  -0.10547   1.16437  -0.10335
   1.15730  -0.10117   1.15013  -0.09895   1.14293  -0.09672
   1.13577  -0.09451   1.12873  -0.09233   1.12187  -0.09021
   1.11519  -0.08815   1.10867  -0.08615   1.10223  -0.08418
   1.09586  -0.08223   1.08956  -0.08031   1.08334  -0.07842
   1.07718  -0.07656   1.07111  -0.07473   1.06511  -0.07294
   1.05918  -0.07117   1.05333  -0.06944   1.04755  -0.06775
   1.04186  -0.06608   1.03624  -0.06445   1.03070  -0.06285
   1.02523  -0.06129   1.01985  -0.05975   1.01455  -0.05825
   1.00933  -0.05677   1.00420  -0.05533   0.99915  -0.05391
   0.99419  -0.05252   0.98931  -0.05116   0.98451  -0.04983
   0.97980  -0.04852   0.97518  -0.04725   0.97065  -0.04601
   0.96620  -0.04480   0.96185  -0.04362   0.95758  -0.04246
   0.95341  -0.04134   0.94932  -0.04024   0.94533  -0.03917
   0.94144  -0.03812   0.93763  -0.03711   0.93392  -0.03612
   0.93030  -0.03516   0.92678  -0.03423   0.92336  -0.03332
   0.92002  -0.03244   0.91674  -0.03157   0.91354  -0.03071
   0.91045  -0.02983   0.90756  -0.02890   0.90495  -0.02780
   0.90276  -0.02644   0.90126  -0.02477   0.90050  -0.02298
   0.90025  -0.02134   0.90032  -0.01981   0.90066  -0.01822
   0.90135  -0.01650   0.90246  -0.01477   0.90392  -0.01317
   0.90560  -0.01179   0.90734  -0.01068   0.90898  -0.00982
   0.91047  -0.00919   0.91190  -0.00869   0.91343  -0.00824
   0.91521  -0.00780   0.91727  -0.00740   0.91962  -0.00704
   0.92221  -0.00673   0.92502  -0.00651   0.92803  -0.00644
   0.93120  -0.00647   0.93451  -0.00651   0.93793  -0.00661
   0.94143  -0.00686   0.94499  -0.00720   0.94858  -0.00760
   0.95217  -0.00807   0.95575  -0.00860   0.95928  -0.00918
   0.96274  -0.00980   0.96614  -0.01044   0.96951  -0.01112
   0.97294  -0.01186   0.97648  -0.01265   0.98016  -0.01351
   0.98398  -0.01444   0.98794  -0.01543   0.99203  -0.01651
   0.99624  -0.01767   1.00057  -0.01891   1.00502  -0.02024
   1.00959  -0.02166   1.01427  -0.02316   1.01906  -0.02474
   1.02395  -0.02641   1.02895  -0.02816   1.03405  -0.02999
   1.03925  -0.03188   1.04454  -0.03385   1.04993  -0.03589
   1.05541  -0.03800   1.06098  -0.04017   1.06663  -0.04242
   1.07237  -0.04474   1.07818  -0.04713   1.08406  -0.04960
   1.09001  -0.05215   1.09602  -0.05479   1.10208  -0.05753
   1.10819  -0.06035   1.11439  -0.06330   1.12078  -0.06641
   1.12744  -0.06974   1.13436  -0.07331   1.14147  -0.07705
   1.14868  -0.08093   1.15592  -0.08488   1.16309  -0.08885
   1.17012  -0.09278   1.17693  -0.09664   1.18342  -0.10035
   1.18952  -0.10387   1.19515  -0.10714   1.20022  -0.11010
   1.20465  -0.11270   1.20835  -0.11489   1.21125  -0.11662
   1.21330  -0.11784   1.21462  -0.11863 0 0

