   0.02702   0.02100   0.02457   0.01919   0.02215   0.01731
   0.01983   0.01533   0.01754   0.01329   0.01531   0.01120
   0.01311   0.00908   0.01094   0.00693   0.00878   0.00477
   0.00662   0.00260   0.00450   0.00041   0.00238  -0.00179
   0.00028  -0.00401  -0.00180  -0.00625  -0.00386  -0.00851
  -0.00580  -0.01087  -0.00739  -0.01348  -0.00865  -0.01626
  -0.00965  -0.01915  -0.01041  -0.02211  -0.01099  -0.02511
  -0.01144  -0.02814  -0.01175  -0.03118  -0.01199  -0.03422
  -0.01212  -0.03728  -0.01221  -0.04033  -0.01225  -0.04339
  -0.01225  -0.04645  -0.01225  -0.04950  -0.01223  -0.05256
  -0.01223  -0.05562  -0.01228  -0.05867  -0.01238  -0.06173
  -0.01261  -0.06478  -0.01304  -0.06780  -0.01386  -0.07074
  -0.01551  -0.07329  -0.01828  -0.07455  -0.02117  -0.07556
  -0.02406  -0.07656  -0.02693  -0.07756  -0.02983  -0.07856
  -0.03272  -0.07955  -0.03563  -0.08049  -0.03857  -0.08135
  -0.04152  -0.08210  -0.04452  -0.08268  -0.04756  -0.08304
  -0.05061  -0.08320  -0.05368  -0.08307  -0.05664  -0.08241
  -0.05945  -0.08119  -0.06209  -0.07965  -0.06433  -0.07758
  -0.06605  -0.07507  -0.06720  -0.07224  -0.06777  -0.06924
  -0.06783  -0.06618  -0.06746  -0.06315  -0.06675  -0.06018
  -0.06571  -0.05731  -0.06436  -0.05456  -0.06278  -0.05195
  -0.06103  -0.04944  -0.05917  -0.04702  -0.05720  -0.04468
  -0.05512  -0.04243  -0.05297  -0.04027  -0.05072  -0.03819
  -0.04845  -0.03614  -0.04618  -0.03411  -0.04389  -0.03208
  -0.04158  -0.03007  -0.03927  -0.02807  -0.03695  -0.02608
  -0.03460  -0.02412  -0.03225  -0.02218  -0.02987  -0.02025
  -0.02750  -0.01833  -0.02510  -0.01643  -0.02269  -0.01455
  -0.02028  -0.01267  -0.01785  -0.01082  -0.01541  -0.00897
  -0.01297  -0.00714  -0.01051  -0.00532  -0.00805  -0.00351
  -0.00557  -0.00171  -0.00310   0.00009  -0.00062   0.00188
   0.00187   0.00365   0.00436   0.00541   0.00686   0.00716
   0.00938   0.00890   0.01191   0.01062   0.01443   0.01235
   0.01695   0.01406   0.01949   0.01578   0.02200   0.01751
   0.02451   0.01926   0.02702   0.02100 0 0
