   0.89987   0.01787   0.89784   0.01802   0.89528   0.01822
   0.89197   0.01847   0.88792   0.01877   0.88319   0.01911
   0.87786   0.01947   0.87200   0.01985   0.86569   0.02022
   0.85899   0.02057   0.85197   0.02091   0.84472   0.02120
   0.83730   0.02146   0.82977   0.02168   0.82223   0.02185
   0.81474   0.02196   0.80737   0.02201   0.80020   0.02199
   0.79326   0.02190   0.78657   0.02175   0.78011   0.02155
   0.77396   0.02130   0.76819   0.02103   0.76275   0.02059
   0.75754   0.01966   0.75256   0.01833   0.74778   0.01671
   0.74320   0.01488   0.73879   0.01289   0.73451   0.01078
   0.73035   0.00857   0.72626   0.00628   0.72222   0.00391
   0.71820   0.00147   0.71418  -0.00104   0.71013  -0.00361
   0.70604  -0.00623   0.70190  -0.00887   0.69773  -0.01149
   0.69353  -0.01403   0.68935  -0.01640   0.68524  -0.01848
   0.68131  -0.02006   0.67765  -0.02093   0.67391  -0.02126
   0.66931  -0.02166   0.66359  -0.02217   0.65674  -0.02280
   0.64880  -0.02353   0.63982  -0.02437   0.62987  -0.02531
   0.61900  -0.02635   0.60726  -0.02750   0.59471  -0.02877
   0.58141  -0.03017   0.56740  -0.03162   0.55273  -0.03304
   0.53746  -0.03446   0.52165  -0.03594   0.50535  -0.03741
   0.48861  -0.03880   0.47148  -0.04003   0.45402  -0.04113
   0.43628  -0.04207   0.41832  -0.04286   0.40019  -0.04345
   0.38195  -0.04379   0.36366  -0.04393   0.34538  -0.04388
   0.32717  -0.04364   0.30907  -0.04318   0.29115  -0.04254
   0.27346  -0.04172   0.25607  -0.04075   0.23902  -0.03962
   0.22238  -0.03831   0.20620  -0.03687   0.19053  -0.03534
   0.17542  -0.03380   0.16092  -0.03229   0.14708  -0.03084
   0.13396  -0.02949   0.12161  -0.02827   0.11009  -0.02713
   0.09944  -0.02608   0.08974  -0.02511   0.08103  -0.02424
   0.07336  -0.02348   0.06680  -0.02271   0.06138  -0.02230
   0.05717  -0.02193   0.05416  -0.02159   0.05200  -0.02133
   0.05009  -0.02118   0.04800  -0.02097   0.04567  -0.02032
   0.04329  -0.01919   0.04109  -0.01759   0.03936  -0.01560
   0.03825  -0.01345   0.03769  -0.01140   0.03749  -0.00953
   0.03756  -0.00768   0.03791  -0.00560   0.03858  -0.00326
   0.03952  -0.00079   0.04067   0.00165   0.04200   0.00392
   0.04340   0.00588   0.04476   0.00748   0.04606   0.00884
   0.04752   0.01023   0.04945   0.01193   0.05205   0.01403
   0.05535   0.01647   0.05932   0.01919   0.06392   0.02211
   0.06913   0.02516   0.07494   0.02820   0.08129   0.03117
   0.08811   0.03407   0.09534   0.03687   0.10289   0.03958
   0.11070   0.04221   0.11874   0.04460   0.12700   0.04650
   0.13538   0.04804   0.14375   0.04935   0.15207   0.05049
   0.16034   0.05153   0.16868   0.05250   0.17724   0.05345
   0.18610   0.05442   0.19528   0.05534   0.20474   0.05631
   0.21449   0.05725   0.22452   0.05813   0.23480   0.05897
   0.24531   0.05978   0.25605   0.06058   0.26701   0.06134
   0.27816   0.06205   0.28949   0.06273   0.30099   0.06337
   0.31264   0.06397   0.32443   0.06452   0.33635   0.06502
   0.34837   0.06547   0.36049   0.06586   0.37269   0.06620
   0.38496   0.06648   0.39728   0.06671   0.40963   0.06687
   0.42201   0.06697   0.43440   0.06700   0.44677   0.06696
   0.45913   0.06686   0.47145   0.06668   0.48372   0.06643
   0.49592   0.06612   0.50804   0.06574   0.52007   0.06530
   0.53198   0.06480   0.54377   0.06423   0.55542   0.06361
   0.56692   0.06290   0.57824   0.06212   0.58939   0.06129
   0.60033   0.06044   0.61107   0.05962   0.62159   0.05880
   0.63186   0.05788   0.64186   0.05681   0.65159   0.05566
   0.66104   0.05450   0.67019   0.05337   0.67904   0.05229
   0.68758   0.05124   0.69592   0.05019   0.70421   0.04911
   0.71263   0.04799   0.72121   0.04681   0.72995   0.04559
   0.73881   0.04433   0.74775   0.04304   0.75675   0.04171
   0.76576   0.04035   0.77476   0.03897   0.78371   0.03756
   0.79257   0.03615   0.80132   0.03474   0.80992   0.03333
   0.81833   0.03195   0.82652   0.03058   0.83446   0.02925
   0.84212   0.02795   0.84946   0.02670   0.85644   0.02551
   0.86304   0.02437   0.86922   0.02330   0.87495   0.02230
   0.88019   0.02138   0.88491   0.02055   0.88907   0.01982
   0.89265   0.01918   0.89560   0.01866   0.89794   0.01824
   0.89987   0.01787 0 0 0 0

