hy 6 
h 4 
hy 8 
h 2 10 11 
h 17 20 21 24 
hy 14 25 33 
h 29 32 
hy 37 40 41 46 48 55 
h 15 36 44 45 51 54 
hy 58 75 
h 26 42 43 50 59 70 72 74 86 87 90 
h 9 12 27 28 
h 5 16 
h 0 
hy 66 68 91 
h 38 39 47 49 61 67 69 71 77 85 99 118 120 122 135 138 
h 22 73 
h 13 
h 60 76 81 106 107 119 123 124 187 207 215 
h 143 186 
hy 64 139 172 174 
h 62 63 65 78 79 82 102 103 104 105 111 116 117 173 175 176 177 184 189 198 199 217 220 221 222 224 225 226 229 233 236 258 275 279 281 291 
h 121 129 151 181 245 
